1988-12-25T05:11:27 -38.4295 -71.5207 14.7 4.8
1988-12-28T14:59:21 -38.4145 -71.3944 14.5 4.7
1989-02-24T12:36:56 -38.3701 -71.1799 14.7 5.3
2010-03-03T01:49:09 -38.3526 -70.9733 10.0 4.7
2011-01-03T00:57:12 -38.0418 -71.0556 0.0 3.6
2011-12-01T18:59:15 -37.813 -71.131 8.3 3.0
2012-03-18T00:32:50 -37.827 -71.11 1.6 2.6
2012-11-06T14:31:09 -38.64 -71.694 20.2 2.4
2013-05-15T12:51:52 -37.858 -71.169 8.2 2.8
2013-05-27T02:43:01 -37.87 -70.878 3.2 2.7
2013-08-23T18:19:29 -37.976 -71.203 10.0 3.6
2013-08-23T18:53:09 -37.839 -71.08 20.0 3.8
2014-03-11T01:25:53 -37.882 -71.062 10.0 3.3
2015-09-22T15:36:45 -37.8603 -71.5545 10.0 3.4
